508       1        
575       1        
607       1        
623       1        
939       1        
1077      1        
23        1        
43        1        
85        1        
508       1        
575       1        
607       1        
623       1        
939       1        
1077      1        
23        1        
43        1        
85        1        
508       1        
575       1        
607       1        
623       1        
939       1        
1077      1        
113       1        
189       1        
403       1        
449       1        
862       1        
1032      1 