zzn                                          5        30632580  
zzo                                          4        30633260  
zzp                                          6        30633340  
zzq                                          5        30634280  
zzr                                          14       30634600  
zzs                                          6        30634880  
zzt                                          7        30635940  
http://provost.illinois.edu                  10       11852860  
zzu                                          5        30636300  
zzv                                          3        30636960  
zzw                                          7        30637420  
zzx                                          18       30637820  
zzy                                          8        30638220  
zzz                                          7        30638640  
-1                                           -1       -1        
-1                                           -1       -1        
-1                                           -1       -1        
-1                                           -1       -1        
-1                                           -1       -1        
-1                                           -1       -1        
-1                                           -1       -1        
-1                                           -1       -1        
-1                                           -1       -1        
-1                                           -1       -1        
-1                                           -1       -1        
-1                                           -1       -1        
-1                                           -1       -1        
-1                                           -1       -1        
trackpageview                                61       26436340  
-1                                           -1       -1   